
10x10 state space

Starting Policy Evaluation
i:  1  delta:  38.57294315210839
i:  2  delta:  12.153153306720839
i:  3  delta:  5.35224848185819
i:  4  delta:  2.462997329819558
i:  5  delta:  1.1452568939281846
i:  6  delta:  0.5304891095901709
i:  7  delta:  0.2428873674651726
i:  8  delta:  0.10971722978707277
i:  9  delta:  0.04897461761165545
-----------
Values : (They should be strictly increasing unless already optimal)
[[ 39.38133251  46.14733938  52.67012724  58.68400251  63.96806327
   68.43261365  72.11084195  75.09958858  77.50364404  79.50038301
   81.09844755]
 [ 45.95491535  52.72047723  59.24246972  65.25573517  70.53955505
   75.0041827   78.68250514  81.67135572  84.07551972  86.07236338
   87.67052739]
 [ 51.73948508  58.504885    65.02660704  71.03970837  76.32352717
   80.78828233  84.46675199  87.45575645  89.86007276  91.85705469
   93.45534284]
 [ 56.25856983  63.0241068   69.54608754  75.55942487  80.84340895
   85.30826762  88.98685578  91.97598312  94.38042     96.37751004
   97.97589315]
 [ 59.37598827  66.1416816   72.66394989  78.67753193  83.96166355
   88.42658785  92.10525064  95.09445496  97.49896703  99.49612424
  101.0945661 ]
 [ 61.26976268  68.03554854  74.55798834  80.57171899  85.85594279
   90.32091023  93.99962133  96.9888748   99.39343464 101.39063462
  102.98911456]
 [ 62.25028553  69.01612962  75.53867764  81.55250242  86.83678399
   91.30177704  94.98051759  97.96980234 100.3743945  102.37162585
  103.97013587]
 [ 62.86626486  69.63215786  76.15479418  82.1686893   87.45300422
   91.9179999   95.59674751  98.58604514 100.99065647 102.98791257
  104.5864499 ]
 [ 63.23311372  69.99904639  76.52175051  82.53569025  87.82001117
   92.28498404  95.96371597  98.95301038 101.35763218 103.35491223
  104.95347967]
 [ 63.4422765   70.20823942  76.73099112  82.74495167  88.02925523
   92.49418561  96.17288569  99.16216715 101.56679606 103.56410283
  105.16270505]
 [ 63.55623837  70.32163621  76.84345357  82.85682546  88.14098307
   92.60606388  96.28493234  99.27438254 101.67917083 103.67661386
  105.27533471]]
-----------
Starting Policy Improvement
Policy: 
0 0 0 0 0 1 1 2 2 3 3 
0 0 0 0 0 0 1 1 2 2 2 
0 0 0 0 0 0 0 1 1 1 1 
-1 -1 -1 0 0 0 0 0 0 0 1 
-2 -2 -1 -1 0 0 0 0 0 0 0 
-3 -2 -2 -1 -1 -1 0 0 0 0 0 
-3 -3 -2 -2 -2 -1 -1 -1 0 0 0 
-4 -3 -3 -3 -2 -2 -2 -1 -1 0 0 
-4 -4 -4 -3 -3 -3 -2 -2 -1 0 0 
-5 -5 -4 -4 -4 -3 -3 -2 -1 -1 0 
-5 -5 -5 -5 -4 -4 -3 -2 -2 -1 0 
Policy Iteration: i:  1
Starting Policy Evaluation
i:  1  delta:  22.01032269232278
i:  2  delta:  1.7454442636199872
i:  3  delta:  0.6363064356776391
i:  4  delta:  0.32910107322773285
i:  5  delta:  0.15490538460874603
i:  6  delta:  0.06775679503095944
-----------
Values : (They should be strictly increasing unless already optimal)
[[ 41.04283233  47.80642412  54.31554287  60.29358542  65.51653377
   70.76148164  75.1432897   79.69473144  83.2611363   86.65322975
   89.47275926]
 [ 47.66233362  54.42635642  60.93566836  66.91223569  72.131367
   76.51308223  81.06434837  84.63064639  88.02176189  90.8412016
   93.11308949]
 [ 53.64309758  60.40652602  66.91219388  72.87872755  78.07957088
   82.43523266  86.00136415  89.39180031  92.21109845  94.48285528
   96.402753  ]
 [ 59.04743324  65.55194194  71.51834298  77.81622845  82.97349437
   87.26821865  90.76165347  93.58081984  95.85245642  97.77225708
   99.58137447]
 [ 64.19230072  70.15760867  76.45472126  81.61209111  86.72539217
   90.91689153  94.28902293  96.98187635  99.13287167 100.94994626
  102.43272538]
 [ 68.79632104  75.09277811  80.24984847  85.36314805  89.55484756
   92.92692189  96.75421427  99.27869071 101.27395917 102.96474991
  104.34989725]
 [ 73.73030856  78.88693045  84.00020458  88.19185009  91.56396458
   95.3915986   97.91602315  99.91123913 102.56927695 104.12289911
  105.40734326]
 [ 77.52291821  82.63666824  86.82818008  90.20025054  94.02832944
   96.55270951  98.54788481 101.20627789 102.75984772 104.95547583
  106.15179105]
 [ 81.27254881  85.46394914  88.83596261  92.66446505  95.18882382
   97.18396862  99.84272397 101.39625415 103.5921873  105.5354079
  106.65546641]
 [ 84.09924227  87.47122534  91.30009547  93.82442734  95.81955179
   98.4786768  100.0321819  102.22842936 104.17192228 105.29193095
  106.98449133]
 [ 86.72850773  89.93532761  92.45964301  94.45475672  97.11419505
   98.66768317 100.86433011 102.80844365 103.92837837 105.62197626
  107.19244692]]
-----------
Starting Policy Improvement
Policy: 
0 0 0 0 1 1 2 2 2 3 3 
0 0 0 0 0 1 1 1 2 2 2 
0 0 0 0 0 0 0 1 1 1 1 
-1 -1 0 0 0 0 0 0 0 0 1 
-2 -1 -1 0 0 0 0 0 0 0 0 
-2 -2 -1 -1 -1 0 0 0 0 0 0 
-3 -2 -2 -2 -1 0 0 0 0 0 0 
-3 -3 -3 -2 -1 -1 0 0 0 0 0 
-4 -4 -3 -2 -2 -1 0 0 0 0 0 
-5 -4 -3 -3 -2 -1 0 0 0 0 0 
-5 -4 -4 -3 -2 -1 0 0 0 0 0 
Policy Iteration: i:  2
Starting Policy Evaluation
i:  1  delta:  1.8784466683493974
i:  2  delta:  0.4964567164477387
i:  3  delta:  0.12494802099251956
i:  4  delta:  0.03298348511005145
-----------
Values : (They should be strictly increasing unless already optimal)
[[ 41.17721422  47.94037092  54.44829755  60.42453359  65.67404432
   70.89109046  75.4717381   79.82845314  83.39682813  86.80920512
   89.63719368]
 [ 47.79548566  54.55863676  61.06600393  67.04027211  72.25749828
   76.83810545  81.19481786  84.76320112  88.17530078  91.00331406
   93.28116615]
 [ 53.77404853  60.53650095  67.04018371  73.00483964  78.2049348
   82.56164581  86.1300543   89.5419676   92.3700453   94.64800654
   96.57023488]
 [ 59.17321921  65.67658105  72.00377594  77.94554127  83.10545083
   87.40644187  90.90870807  93.73689111  96.01501877  97.93747128
   99.81159927]
 [ 64.31325774  70.63997616  76.58168088  81.78294692  86.87520386
   91.08317473  94.47682167  97.19096214  99.35687669 101.17873193
  102.65651099]
 [ 69.27628346  75.21775707  80.41889579  85.51123376  89.71936793
   93.76243707  97.01016703  99.57421167 101.59667184 103.29481247
  104.6683576 ]
 [ 73.85370794  79.0547917   84.14708531  88.35529285  92.39852737
   95.69524436  98.7726735  101.16389194 103.02470608 104.58787041
  105.85156709]
 [ 77.69049907  82.78273529  86.99097377  91.03440239  94.33131717
   97.40888929 100.21242475 102.43239035 104.13638589 105.57303874
  106.7378249 ]
 [ 81.41813693  85.62638706  89.6700766   92.96717824  96.04490547
   98.84860456 101.35603731 103.41903662 104.98012049 106.30299364
  107.38047233]
 [ 84.26153594  88.30547327  91.60282471  94.68063228  97.48456239
   99.99214322 102.2200459  104.15251592 105.59459658 106.82293829
  107.82828538]
 [ 86.94060974  90.23819364  93.31603641  96.12027318  98.62826979
  100.85687274 102.82419811 104.65985744 106.01341878 107.1714012
  108.1231446 ]]
-----------
Starting Policy Improvement
Policy: 
0 0 0 0 1 1 2 2 2 3 3 
0 0 0 0 0 1 1 1 2 2 2 
0 0 0 0 0 0 0 1 1 1 2 
-1 -1 0 0 0 0 0 0 0 1 1 
-2 -1 -1 0 0 0 0 0 0 0 0 
-2 -2 -1 -1 -1 0 0 0 0 0 0 
-3 -2 -2 -2 -1 0 0 0 0 0 0 
-3 -3 -3 -2 -1 -1 0 0 0 0 0 
-4 -4 -3 -2 -2 -1 0 0 0 0 0 
-5 -4 -3 -3 -2 -1 0 0 0 0 0 
-5 -4 -4 -3 -2 -1 0 0 0 0 0 
Policy Iteration: i:  3
Starting Policy Evaluation
i:  1  delta:  0.06285630655456487
-----------
Values : (They should be strictly increasing unless already optimal)
[[ 41.18607355  47.9491819   54.45702453  60.43321525  65.68262436
   70.89976505  75.48029381  79.83725006  83.40606122  86.81834056
   89.64710149]
 [ 47.80400195  54.56701638  61.07413993  67.04823626  72.26546037
   76.84596816  81.20291898  84.77172715  88.18387468  91.01263798
   93.29151416]
 [ 53.78168395  60.5439584   67.04732699  73.01176394  78.21184763
   82.56879073  86.13759786  89.54965541  92.3784287   94.65732739
   96.63309119]
 [ 59.17973891  65.68295395  72.0099964   77.95157921  83.11150967
   87.41275865  90.91544375  93.74426049  96.02332703  97.99894974
   99.82263087]
 [ 64.31869519  70.64551615  76.58706572  81.78839687  86.88071272
   91.08897745  94.4831027   97.19800095  99.36505575 101.18844271
  102.66799113]
 [ 69.28106642  75.22250479  80.42377858  85.51611841  89.72443494
   93.76789398  97.01612602  99.58090736 101.60439526 103.30383094
  104.67879968]
 [ 73.85787434  79.05911981  84.15142842  88.3597562   92.40328259
   95.70037972  98.77829139 101.17016958 103.03183772 104.5960076
  105.86075121]
 [ 77.69437361  82.78664636  86.99496907  91.03856412  94.3357371
   97.41367214 100.2176214  102.43810806 104.14273558 105.5800898
  106.74557473]
 [ 81.42176473  85.63007976  89.67375907  92.97099534  96.04895977
   98.85296785 101.36075861 103.42410949 104.98560057 106.30891137
  107.38682132]
 [ 84.26509863  88.30885671  91.60617005  94.68414463  97.48822496
   99.99606874 102.22431117 104.15696486 105.59925709 106.82783467
  107.8334298 ]
 [ 86.94386966  90.24125504  93.31923184  96.12340337  98.63138283
  100.85985709 102.8268615  104.66260625 106.01626956 107.17436727
  108.12622617]]
-----------
Starting Policy Improvement
Policy: 
0 0 0 0 1 1 2 2 2 3 3 
0 0 0 0 0 1 1 1 2 2 2 
0 0 0 0 0 0 0 1 1 1 2 
-1 -1 0 0 0 0 0 0 0 1 1 
-2 -1 -1 0 0 0 0 0 0 0 0 
-2 -2 -1 -1 -1 0 0 0 0 0 0 
-3 -2 -2 -2 -1 0 0 0 0 0 0 
-3 -3 -3 -2 -1 -1 0 0 0 0 0 
-4 -4 -3 -2 -2 -1 0 0 0 0 0 
-5 -4 -3 -3 -2 -1 0 0 0 0 0 
-5 -4 -4 -3 -2 -1 0 0 0 0 0 
=====================================
=====================================
Final ~Optimal Values and Policy
Policy: 
0 0 0 0 1 1 2 2 2 3 3 
0 0 0 0 0 1 1 1 2 2 2 
0 0 0 0 0 0 0 1 1 1 2 
-1 -1 0 0 0 0 0 0 0 1 1 
-2 -1 -1 0 0 0 0 0 0 0 0 
-2 -2 -1 -1 -1 0 0 0 0 0 0 
-3 -2 -2 -2 -1 0 0 0 0 0 0 
-3 -3 -3 -2 -1 -1 0 0 0 0 0 
-4 -4 -3 -2 -2 -1 0 0 0 0 0 
-5 -4 -3 -3 -2 -1 0 0 0 0 0 
-5 -4 -4 -3 -2 -1 0 0 0 0 0 
Values: 
[[ 41.18607355  47.9491819   54.45702453  60.43321525  65.68262436
   70.89976505  75.48029381  79.83725006  83.40606122  86.81834056
   89.64710149]
 [ 47.80400195  54.56701638  61.07413993  67.04823626  72.26546037
   76.84596816  81.20291898  84.77172715  88.18387468  91.01263798
   93.29151416]
 [ 53.78168395  60.5439584   67.04732699  73.01176394  78.21184763
   82.56879073  86.13759786  89.54965541  92.3784287   94.65732739
   96.63309119]
 [ 59.17973891  65.68295395  72.0099964   77.95157921  83.11150967
   87.41275865  90.91544375  93.74426049  96.02332703  97.99894974
   99.82263087]
 [ 64.31869519  70.64551615  76.58706572  81.78839687  86.88071272
   91.08897745  94.4831027   97.19800095  99.36505575 101.18844271
  102.66799113]
 [ 69.28106642  75.22250479  80.42377858  85.51611841  89.72443494
   93.76789398  97.01612602  99.58090736 101.60439526 103.30383094
  104.67879968]
 [ 73.85787434  79.05911981  84.15142842  88.3597562   92.40328259
   95.70037972  98.77829139 101.17016958 103.03183772 104.5960076
  105.86075121]
 [ 77.69437361  82.78664636  86.99496907  91.03856412  94.3357371
   97.41367214 100.2176214  102.43810806 104.14273558 105.5800898
  106.74557473]
 [ 81.42176473  85.63007976  89.67375907  92.97099534  96.04895977
   98.85296785 101.36075861 103.42410949 104.98560057 106.30891137
  107.38682132]
 [ 84.26509863  88.30885671  91.60617005  94.68414463  97.48822496
   99.99606874 102.22431117 104.15696486 105.59925709 106.82783467
  107.8334298 ]
 [ 86.94386966  90.24125504  93.31923184  96.12340337  98.63138283
  100.85985709 102.8268615  104.66260625 106.01626956 107.17436727
  108.12622617]]


